n=100000	Duration: 139.221244 seconds
n=100000	Duration: 139.218608 seconds
n=100000	Duration: 139.234788 seconds
n=100000	Duration: 139.224913 seconds
