n=100000	Duration: 139.233839 seconds
n=100000	Duration: 139.223811 seconds
n=100000	Duration: 139.225190 seconds
n=100000	Duration: 139.230628 seconds
