n=100000	Duration: 139.221705 seconds
n=100000	Duration: 139.220053 seconds
n=100000	Duration: 139.222133 seconds
n=100000	Duration: 139.227056 seconds
