n=100000	Duration: 139.249863 seconds
n=100000	Duration: 139.251673 seconds
n=100000	Duration: 139.253139 seconds
n=100000	Duration: 139.228897 seconds
