n=2000	Duration: 0.055701 seconds
n=2000	Duration: 0.055744 seconds
n=2000	Duration: 0.055702 seconds
n=2000	Duration: 0.055713 seconds
