n=2000	Duration: 0.055708 seconds
n=2000	Duration: 0.055716 seconds
n=2000	Duration: 0.055714 seconds
n=2000	Duration: 0.055718 seconds
