n=2000	Duration: 0.055700 seconds
n=2000	Duration: 0.055717 seconds
n=2000	Duration: 0.055711 seconds
n=2000	Duration: 0.055714 seconds
