n=2000	Duration: 0.055719 seconds
n=2000	Duration: 0.055700 seconds
n=2000	Duration: 0.055712 seconds
n=2000	Duration: 0.055711 seconds
