n=50000	Duration: 34.806587 seconds
n=50000	Duration: 34.804587 seconds
n=50000	Duration: 34.804593 seconds
n=50000	Duration: 34.805161 seconds
