n=50000	Duration: 34.807001 seconds
n=50000	Duration: 34.804690 seconds
n=50000	Duration: 34.804623 seconds
n=50000	Duration: 34.804255 seconds
