n=50000	Duration: 34.806177 seconds
n=50000	Duration: 34.804928 seconds
n=50000	Duration: 34.804865 seconds
n=50000	Duration: 34.805726 seconds
