n=50000	Duration: 34.805361 seconds
n=50000	Duration: 34.804446 seconds
n=50000	Duration: 34.804910 seconds
n=50000	Duration: 34.805463 seconds
