n=50000	Duration: 34.806380 seconds
n=50000	Duration: 34.806261 seconds
n=50000	Duration: 34.807135 seconds
n=50000	Duration: 34.807172 seconds
