n=5000	Duration: 0.348183 seconds
n=5000	Duration: 0.348172 seconds
n=5000	Duration: 0.347959 seconds
n=5000	Duration: 0.348182 seconds
