n=5000	Duration: 0.348193 seconds
n=5000	Duration: 0.347934 seconds
n=5000	Duration: 0.348207 seconds
n=5000	Duration: 0.348178 seconds
