n=5000	Duration: 0.347911 seconds
n=5000	Duration: 0.348224 seconds
n=5000	Duration: 0.348187 seconds
n=5000	Duration: 0.348214 seconds
