n=5000	Duration: 0.348193 seconds
n=5000	Duration: 0.347989 seconds
n=5000	Duration: 0.348211 seconds
n=5000	Duration: 0.348178 seconds
